0.000000000e+00 4.392943585e-15 1.459757543e-16
1.198414612e-01 4.377160847e-15 1.942587519e-16
2.702841439e-01 4.335308837e-15 1.450040657e-16
3.589884655e-01 4.312331597e-15 1.446154251e-16
4.176852670e-01 4.241475495e-15 1.457936751e-16
5.690195497e-01 4.266884229e-15 1.491284471e-16
6.877529478e-01 4.173771343e-15 1.342293710e-16
8.685300906e-01 4.080709504e-15 1.308733381e-16
9.882520929e-01 4.162970035e-15 1.371076431e-16
1.078320161e+00 4.192832188e-15 1.346040075e-16
1.378435781e+00 4.351220778e-15 1.443643972e-16
1.435877217e+00 4.237396391e-15 1.368017285e-16
1.555341439e+00 4.270286085e-15 1.369585899e-16
1.676771793e+00 4.171375032e-15 1.337786524e-16
1.795395013e+00 4.249819491e-15 1.363588788e-16
1.916236755e+00 4.110183821e-15 1.318080207e-16
2.034794109e+00 4.117983000e-15 1.321053054e-16
2.307239290e+00 4.087549570e-15 1.315694168e-16
2.454039825e+00 4.150178265e-15 1.331578030e-16
2.573989668e+00 4.106447379e-15 1.400898868e-16
2.692485346e+00 4.068425767e-15 1.306235882e-16
2.813522294e+00 4.073775950e-15 1.306476650e-16
2.933678120e+00 4.036450432e-15 2.304772281e-16
2.993429992e+00 3.922774410e-15 2.215828961e-16
3.142881076e+00 4.007113725e-15 2.218217167e-16
3.231793478e+00 3.925163093e-15 1.258719041e-16
3.620183786e+00 3.758982583e-15 1.207672994e-16
3.771089634e+00 3.643064946e-15 1.192894878e-16
3.859220014e+00 3.590184794e-15 1.672884138e-16
4.005124758e+00 3.587169030e-15 1.176234678e-16
4.128289510e+00 3.444788008e-15 1.150938373e-16
4.158329065e+00 3.526829921e-15 1.131331828e-16
4.364548545e+00 3.539743557e-15 1.134694355e-16
4.455852219e+00 3.598144741e-15 1.159513347e-16
4.604321585e+00 3.476745328e-15 1.114952811e-16
4.784978071e+00 3.279811810e-15 1.067774761e-16
5.081555135e+00 3.295567296e-15 1.442652046e-16
5.263235853e+00 3.546381487e-15 1.631614749e-16
5.412241138e+00 3.369803537e-15 1.075865419e-16
5.501962207e+00 3.366094095e-15 1.093009563e-16
5.677723875e+00 3.168319466e-15 3.238375475e-16
5.919819626e+00 2.935036227e-15 1.803639737e-16
6.069018620e+00 3.553193930e-15 1.788449816e-16
6.217055659e+00 3.042227215e-15 1.407085910e-16
6.369471358e+00 3.036485196e-15 1.305873484e-16
6.576953688e+00 3.243252091e-15 1.593421540e-16
6.727714329e+00 3.543370755e-15 1.852812715e-16
6.965717043e+00 3.504773410e-15 1.624568158e-16
7.086050411e+00 3.296954151e-15 1.449390204e-16
1.092923031e+01 4.640943116e-15 2.462664867e-16
1.113732700e+01 4.326281298e-15 1.970203333e-16
1.131854754e+01 4.555006145e-15 2.101206322e-16
1.146711332e+01 4.565065660e-15 2.150948678e-16
1.152858881e+01 4.808109973e-15 2.357670233e-16
1.185754820e+01 4.791977849e-15 2.090684912e-16
1.203607987e+01 4.781990238e-15 1.654697970e-16
1.221539447e+01 4.408830714e-15 1.504156423e-16
1.239482583e+01 4.924102493e-15 1.674247771e-16
1.257516585e+01 4.976087582e-15 1.737738052e-16
1.290473182e+01 5.041412710e-15 1.715160683e-16
1.305339340e+01 5.240077792e-15 1.680003823e-16
1.317206542e+01 5.226853905e-15 1.776505370e-16
1.320139092e+01 5.263519158e-15 1.842486827e-16
1.326283557e+01 5.318471024e-15 1.811654399e-16
1.329233112e+01 5.256266263e-15 1.813986058e-16
1.332247577e+01 5.343968809e-15 1.816859801e-16
1.335166264e+01 5.440525040e-15 1.852142532e-16
1.338052977e+01 5.452192093e-15 1.899165723e-16
1.341335190e+01 5.476929210e-15 1.752942171e-16
1.344190436e+01 5.662086948e-15 1.822250891e-16
1.350333345e+01 5.400226256e-15 1.763190440e-16
1.353096377e+01 5.531997639e-15 1.770461773e-16
1.356160960e+01 5.413705796e-15 2.464034100e-16
1.359121772e+01 5.472369469e-15 1.753550453e-16
1.368144896e+01 5.622039186e-15 1.798732912e-16
1.380039613e+01 5.435266663e-15 1.778723853e-16
1.386142702e+01 5.491892153e-15 1.768342846e-16
1.389016839e+01 5.733717720e-15 1.849885941e-16
1.394707391e+01 5.778833408e-15 1.853778526e-16
1.397751765e+01 5.641847794e-15 1.804538072e-16
1.400741799e+01 5.474313559e-15 1.874751940e-16
1.403894764e+01 5.506908237e-15 1.872359524e-16
1.406877402e+01 5.570490474e-15 1.894872746e-16
1.409906208e+01 5.506735934e-15 1.765614076e-16
1.413070579e+01 5.479133458e-15 1.870032263e-16
1.415628765e+01 5.573645157e-15 1.895895663e-16
1.418849992e+01 5.658881680e-15 1.923151628e-16
1.421812631e+01 5.602896845e-15 1.904421306e-16
1.424988200e+01 5.512954371e-15 1.877025901e-16
1.428059789e+01 5.582439954e-15 1.899322732e-16
1.430918447e+01 5.259880590e-15 1.726934231e-16
1.436955310e+01 5.561674896e-15 1.893164199e-16
1.439955613e+01 5.642634109e-15 1.919406737e-16
1.443034777e+01 5.515182098e-15 1.879331354e-16
1.445872059e+01 5.507059578e-15 1.873226420e-16
1.448804818e+01 5.448143326e-15 1.852320329e-16
1.451852455e+01 5.558563627e-15 1.890183079e-16
1.454874015e+01 5.458619642e-15 1.868175160e-16
1.457566001e+01 5.604937436e-15 1.905555186e-16
1.460960248e+01 5.392095268e-15 1.834605704e-16
1.463926330e+01 5.533730197e-15 1.776061418e-16
1.466566071e+01 5.651007424e-15 1.921319219e-16
1.469590446e+01 5.726916475e-15 1.832960514e-16
1.472416171e+01 5.611979619e-15 1.910543249e-16
1.475512640e+01 5.811899529e-15 1.881896547e-16
1.478653389e+01 5.780160620e-15 1.849746859e-16
1.481584651e+01 5.634166423e-15 1.917447052e-16
1.484756658e+01 5.506294145e-15 1.765153059e-16
1.490743042e+01 5.539479733e-15 1.885253200e-16
1.493194074e+01 5.684255678e-15 1.939399837e-16
1.496521137e+01 5.592480531e-15 1.901481835e-16
1.499728412e+01 5.530317834e-15 1.888628652e-16
1.502472043e+01 5.606099268e-15 1.907427151e-16
1.505523663e+01 5.651818696e-15 1.923108690e-16
1.508552438e+01 5.731440176e-15 1.834151192e-16
1.511850550e+01 5.839169648e-15 1.910249164e-16
1.520577631e+01 5.554614291e-15 1.907123797e-16
1.523396441e+01 5.764145931e-15 1.982993550e-16
1.529475698e+01 5.711415763e-15 1.944599639e-16
1.532706296e+01 5.688438520e-15 1.971428083e-16
1.535652258e+01 5.820260519e-15 2.226256779e-16
1.538164846e+01 5.743604237e-15 1.955022281e-16
1.553167378e+01 5.825942935e-15 1.865194937e-16
1.565255085e+01 5.952214829e-15 1.905164966e-16
1.577116449e+01 5.779889297e-15 1.968536049e-16
1.588999370e+01 6.083129007e-15 1.946782774e-16
1.601124921e+01 5.830224186e-15 2.009417804e-16
1.613099456e+01 5.939959603e-15 2.052352872e-16
1.616108022e+01 6.076151721e-15 2.070846411e-16
1.642972488e+01 5.785428387e-15 2.071747869e-16
1.655069296e+01 5.596151344e-15 1.971226037e-16
1.666833267e+01 5.673819915e-15 1.949209025e-16
1.681883134e+01 5.856788366e-15 1.875330164e-16
1.699836120e+01 5.573981992e-15 2.008425220e-16
1.711910714e+01 5.799784037e-15 2.050859701e-16
1.723748036e+01 5.718981192e-15 1.830794518e-16
1.732559278e+01 5.837092701e-15 1.870346076e-16
1.735609640e+01 5.667807512e-15 1.932771334e-16
1.753577027e+01 5.533319254e-15 2.008124610e-16
1.765551173e+01 5.675972410e-15 1.823623371e-16
1.777478254e+01 5.493743572e-15 1.886345361e-16
1.798480764e+01 5.809464978e-15 1.863972891e-16
2.188690559e+01 5.157819742e-15 1.811799087e-16
2.194541527e+01 5.823658426e-15 2.112036820e-16
2.200664915e+01 5.372592662e-15 1.893265772e-16
2.206613037e+01 5.345010219e-15 1.857432829e-16
2.212605050e+01 5.430412624e-15 1.899645091e-16
2.218486197e+01 5.344548161e-15 1.864398761e-16
2.227547464e+01 5.369004544e-15 1.869566412e-16
2.233523549e+01 5.747728285e-15 2.008975331e-16
2.239418498e+01 5.367747774e-15 1.887434382e-16
2.245493893e+01 5.439913064e-15 1.907062470e-16
2.254513574e+01 5.575362304e-15 1.961128747e-16
2.260486755e+01 5.688168409e-15 1.980605905e-16
2.266489606e+01 5.658080058e-15 1.884087758e-16
2.290547298e+01 5.697706273e-15 1.995511655e-16
2.302292916e+01 6.154866505e-15 2.176737869e-16
2.332119332e+01 5.907383712e-15 2.074901063e-16
2.344339312e+01 6.170264586e-15 2.035491755e-16
2.356358397e+01 6.250275872e-15 2.073639487e-16
2.368255030e+01 6.100007569e-15 2.120760332e-16
2.380098310e+01 6.166792257e-15 2.139169868e-16
2.392171617e+01 6.479729882e-15 2.135127851e-16
2.403945347e+01 6.095901539e-15 2.591802548e-16
2.428021751e+01 6.520771810e-15 2.096655375e-16
2.439812428e+01 6.391788746e-15 2.176746304e-16
2.451823460e+01 6.543950748e-15 2.155604867e-16
2.466735036e+01 6.635906167e-15 2.186250930e-16
2.478779331e+01 6.843150004e-15 2.190117800e-16
2.490739495e+01 6.788281389e-15 2.182195187e-16
2.502545561e+01 6.910915357e-15 2.222117722e-16
2.514599796e+01 6.909030316e-15 2.275947912e-16
2.526814057e+01 7.012370755e-15 2.315040685e-16
2.538473449e+01 6.784840975e-15 2.180983847e-16
2.550505139e+01 6.711214619e-15 2.158009434e-16
2.562418478e+01 6.783697004e-15 2.235302689e-16
2.574421277e+01 6.762262389e-15 2.356583580e-16
2.583227039e+01 6.469059355e-15 2.080294528e-16
2.595429355e+01 6.252957657e-15 2.151822719e-16
2.604332212e+01 6.556528209e-15 2.144510688e-16
2.616162319e+01 6.405684667e-15 2.056079009e-16
2.622040532e+01 6.322528881e-15 2.032487807e-16
2.634341408e+01 6.291842061e-15 2.030182964e-16
2.645881760e+01 6.378383423e-15 2.105217014e-16
2.663957888e+01 6.383966312e-15 2.224252877e-16
2.678846321e+01 5.922957101e-15 2.019095293e-16
2.690923489e+01 6.070221643e-15 2.117767712e-16
2.702996466e+01 6.041159949e-15 1.990753581e-16
2.726920148e+01 5.905552205e-15 1.918680884e-16
2.738608641e+01 6.015131017e-15 1.939652698e-16
2.741763103e+01 5.739412735e-15 1.933683399e-16
2.747494642e+01 5.870087714e-15 1.894206717e-16
2.759819949e+01 5.904184848e-15 1.904150166e-16
2.810286546e+01 5.983174475e-15 1.950705517e-16
2.822238986e+01 5.379046748e-15 1.892042041e-16
2.834266545e+01 5.548346933e-15 1.784477584e-16
2.843401193e+01 5.372003084e-15 1.737451061e-16
2.855220642e+01 5.968207440e-15 2.034263712e-16
2.867378767e+01 5.339640828e-15 1.726628675e-16
2.888277536e+01 5.685920450e-15 1.829480394e-16
2.900079171e+01 5.620329834e-15 1.814603556e-16
3.281532693e+01 4.067587910e-15 1.310034952e-16
3.311431742e+01 3.854436454e-15 1.287192392e-16
3.314368753e+01 4.213117631e-15 1.424774144e-16
3.326324875e+01 3.792746384e-15 1.254563351e-16
3.338304920e+01 3.674128719e-15 1.183152625e-16
3.350370442e+01 3.652867536e-15 1.199185678e-16
3.362360905e+01 3.625966540e-15 1.257988148e-16
3.377219189e+01 3.638046673e-15 1.175307897e-16
3.389221957e+01 3.445262563e-15 1.113095785e-16
3.401267929e+01 3.660416276e-15 1.208040907e-16
3.413162136e+01 3.674746546e-15 1.182686845e-16
3.425135684e+01 3.711144192e-15 1.201382077e-16
3.437144830e+01 3.784149176e-15 1.239254774e-16
3.457994019e+01 4.000179240e-15 1.305128129e-16
3.472989695e+01 3.740899031e-15 1.214257488e-16
3.484991386e+01 3.735076978e-15 1.222901117e-16
3.499796647e+01 3.838802770e-15 1.245366550e-16
3.511875342e+01 3.620999313e-15 1.165404852e-16
3.523629881e+01 3.724590607e-15 1.229505799e-16
3.532939946e+01 3.787642210e-15 1.248663403e-16
3.544619128e+01 3.854241435e-15 1.244537321e-16
3.547691495e+01 3.783287478e-15 1.223145076e-16
3.559686420e+01 3.843977523e-15 1.237228385e-16
3.568590743e+01 3.837552704e-15 1.273473270e-16
3.580616685e+01 3.889739847e-15 1.255268112e-16
3.592468229e+01 3.914694866e-15 1.259947433e-16
3.604637491e+01 3.907407551e-15 1.296471552e-16
3.616515891e+01 3.953358830e-15 1.314730967e-16
3.628137080e+01 3.970776183e-15 1.278491363e-16
3.637126522e+01 4.078658912e-15 1.313116041e-16
3.649253629e+01 3.972927899e-15 1.309477043e-16
3.658172593e+01 4.044725598e-15 1.324596290e-16
3.666929345e+01 4.158238319e-15 1.339016274e-16
3.675955882e+01 4.154047772e-15 1.337111167e-16
3.687849461e+01 4.152634306e-15 1.399311405e-16
3.699844505e+01 4.311854288e-15 1.426396880e-16
3.714755153e+01 4.323276054e-15 1.392956437e-16
3.726849656e+01 4.280113628e-15 1.429159436e-16
3.738554167e+01 4.250629824e-15 1.452535788e-16
3.750617324e+01 4.305722987e-15 1.392010057e-16
3.762438449e+01 4.258186893e-15 1.370705199e-16
3.783505927e+01 4.338176989e-15 1.421490530e-16
3.798551962e+01 4.297170098e-15 1.391073546e-16
3.804446911e+01 4.172503011e-15 1.347798888e-16
3.819398666e+01 4.179394435e-15 1.380075040e-16
3.831365208e+01 4.069780028e-15 1.315504726e-16
3.837377939e+01 4.210328801e-15 1.354993060e-16
3.843301630e+01 4.190515593e-15 1.349401941e-16
3.873278253e+01 4.157620760e-15 1.347447779e-16
3.897312951e+01 4.347626011e-15 1.435342313e-16
3.933284820e+01 4.248288742e-15 1.412887516e-16
3.948160319e+01 4.204290431e-15 1.362215048e-16
3.978030926e+01 4.215473789e-15 1.384086219e-16
3.989975641e+01 4.159530133e-15 1.376041299e-16
4.469993839e+01 3.533489735e-15 1.177858031e-16
4.485078466e+01 3.694576322e-15 1.224251899e-16
4.494103626e+01 3.584257442e-15 1.184897630e-16
4.505941068e+01 3.574408560e-15 1.180683761e-16
4.521002162e+01 3.494781691e-15 1.127557857e-16
4.532976698e+01 3.566383649e-15 1.181160572e-16
4.544820667e+01 3.535451673e-15 1.168272802e-16
4.556945978e+01 3.493962891e-15 1.154333662e-16
4.571917254e+01 3.472352493e-15 1.139080904e-16
4.607735982e+01 3.430550529e-15 1.143141068e-16
4.622649265e+01 3.212120889e-15 1.069890944e-16
4.634627123e+01 3.142011570e-15 1.052634045e-16
4.643234866e+01 3.148707828e-15 1.043444134e-16
4.655420865e+01 3.213085280e-15 1.075700113e-16
4.679339906e+01 2.928972068e-15 9.769300727e-17
4.691398722e+01 2.974627045e-15 9.980518791e-17
4.700443731e+01 2.935140288e-15 9.834132853e-17
4.712274437e+01 2.992458499e-15 9.942716277e-17
4.724141340e+01 2.809574394e-15 9.357762711e-17
4.736148390e+01 2.831228621e-15 9.474412276e-17
4.747995233e+01 2.823311818e-15 9.356881778e-17
4.762711783e+01 2.787031273e-15 9.310283867e-17
4.786611154e+01 2.869729697e-15 9.504089817e-17
4.798821464e+01 2.874549946e-15 9.547645040e-17
4.807563935e+01 2.970500362e-15 9.838763390e-17
4.816555472e+01 3.082413729e-15 1.036017420e-16
4.828684586e+01 3.110601631e-15 1.031190921e-16
4.852658447e+01 3.118025124e-15 1.041853019e-16
4.867317273e+01 3.115505680e-15 1.033519251e-16
4.876329200e+01 3.145950160e-15 1.042957582e-16
4.891277811e+01 3.370974937e-15 1.125946564e-16
4.909180079e+01 3.384665519e-15 1.122410574e-16
4.939390021e+01 3.512501830e-15 1.203169300e-16
4.950994982e+01 3.315117276e-15 1.104515367e-16
4.963028828e+01 3.433304702e-15 1.135444910e-16
4.984069990e+01 3.200904219e-15 1.077021080e-16
4.996082489e+01 3.340745110e-15 1.103810856e-16
5.007860890e+01 3.594668505e-15 1.191906944e-16
5.020132516e+01 3.909608937e-15 1.318352106e-16
5.043895872e+01 3.757865270e-15 1.276016302e-16
