0.000000000e+00 4.690225013e-15 1.544236383e-16
1.198417606e-01 4.701241912e-15 1.877151349e-16
2.702841439e-01 4.608356122e-15 1.517828430e-16
3.589884655e-01 4.955449525e-15 1.650653618e-16
4.176852670e-01 5.043807963e-15 1.700366713e-16
5.690198491e-01 4.899647170e-15 1.692502109e-16
6.877532472e-01 4.786521335e-15 1.543448771e-16
8.685300906e-01 4.711636999e-15 1.511999485e-16
9.882517936e-01 4.852948586e-15 1.591842863e-16
1.078320461e+00 4.789015449e-15 1.543349759e-16
1.378436380e+00 5.088338972e-15 1.700806027e-16
1.435875121e+00 4.911569449e-15 1.577855834e-16
1.555341739e+00 4.896939363e-15 1.575469772e-16
1.676772392e+00 4.817484460e-15 1.548501942e-16
1.795396510e+00 4.351049653e-15 1.398424195e-16
1.916237354e+00 4.667977074e-15 1.498021831e-16
2.034794408e+00 4.664852407e-15 1.497309965e-16
2.307224919e+00 4.561288195e-15 1.469898167e-16
2.454025454e+00 4.688589797e-15 1.505181607e-16
2.573975297e+00 4.869253111e-15 1.669737687e-16
2.692470975e+00 4.644533114e-15 1.493833578e-16
2.813507923e+00 4.741007140e-15 1.525953416e-16
2.933663749e+00 4.710832521e-15 2.256738249e-16
2.993415621e+00 4.652195865e-15 2.181580554e-16
3.142866705e+00 3.733612408e-15 1.760432516e-16
3.231779107e+00 4.479077702e-15 1.441982105e-16
3.620169415e+00 4.148422991e-15 1.331487464e-16
3.771075263e+00 4.103521722e-15 1.341227947e-16
3.859205643e+00 4.010051143e-15 1.606705377e-16
4.005110387e+00 3.799452858e-15 1.293267005e-16
4.158314694e+00 3.994603308e-15 1.283753777e-16
4.364533874e+00 4.064022716e-15 1.304800978e-16
4.455837848e+00 4.248424060e-15 1.374740869e-16
4.604307214e+00 3.406826051e-15 1.100809905e-16
4.784963700e+00 3.794786808e-15 1.245510654e-16
5.081540764e+00 3.968072412e-15 1.666362225e-16
5.263221482e+00 4.043677476e-15 1.922940711e-16
5.412226767e+00 4.188191439e-15 1.339246064e-16
5.501947836e+00 4.133391552e-15 1.324980287e-16
5.677709504e+00 3.651093884e-15 1.772568273e-16
5.919805854e+00 4.208711012e-15 2.153651500e-16
6.069004847e+00 4.058767509e-15 1.934442582e-16
6.217041887e+00 3.843502933e-15 1.518761064e-16
6.369456987e+00 3.513352510e-15 1.401482506e-16
6.576939916e+00 3.478382718e-15 1.524720327e-16
6.727700557e+00 3.968267168e-15 1.835984078e-16
6.965702672e+00 4.039409370e-15 2.118091555e-16
7.086036639e+00 3.975896339e-15 1.585237784e-16
1.092922043e+01 5.595121682e-15 2.233343191e-16
1.113731682e+01 5.471107706e-15 2.634433650e-16
1.131853766e+01 5.125582073e-15 2.021197558e-16
1.146710254e+01 5.685317202e-15 2.262812248e-16
1.152851815e+01 5.616209865e-15 2.222850320e-16
1.185753742e+01 6.059741480e-15 2.471170752e-16
1.203607059e+01 5.795296956e-15 1.969478626e-16
1.221538519e+01 5.758904526e-15 1.953100759e-16
1.239481475e+01 5.949421090e-15 2.017112484e-16
1.257515687e+01 5.879738598e-15 2.027141217e-16
1.290472044e+01 6.145259984e-15 2.087010064e-16
1.305338202e+01 6.319093630e-15 2.035434304e-16
1.317205434e+01 6.483912867e-15 2.197541611e-16
1.320137954e+01 6.402194864e-15 2.422325465e-16
1.326282419e+01 6.442203418e-15 2.186157048e-16
1.329231975e+01 6.454292804e-15 2.215831823e-16
1.332246409e+01 6.327747977e-15 2.143674493e-16
1.335165127e+01 6.498883117e-15 2.203205983e-16
1.338051809e+01 6.517177622e-15 2.267444057e-16
1.341334023e+01 6.797715817e-15 2.182572030e-16
1.344189268e+01 6.872309528e-15 2.218475900e-16
1.350332177e+01 6.621422247e-15 2.172433974e-16
1.353095239e+01 6.606422850e-15 2.142088468e-16
1.359120635e+01 6.452582538e-15 2.072785685e-16
1.368143729e+01 6.731380650e-15 2.162110175e-16
1.380038475e+01 6.643774259e-15 2.147554304e-16
1.386141564e+01 6.829495556e-15 2.216106046e-16
1.389015702e+01 6.831958779e-15 2.214784068e-16
1.394706254e+01 6.881013293e-15 2.215293908e-16
1.397750627e+01 6.703154036e-15 2.151869362e-16
1.400740691e+01 6.702667416e-15 2.277232950e-16
1.403893626e+01 6.554255567e-15 2.228009127e-16
1.406876264e+01 6.604054392e-15 2.246693948e-16
1.409905040e+01 6.496048545e-15 2.092667890e-16
1.413069382e+01 6.550891096e-15 2.222805741e-16
1.415627657e+01 6.370496700e-15 2.163228259e-16
1.418848854e+01 6.542455774e-15 2.220958318e-16
1.421811493e+01 6.720077070e-15 2.280669893e-16
1.424987062e+01 6.536967995e-15 2.224132317e-16
1.428058651e+01 6.532282095e-15 2.217038889e-16
1.433837105e+01 6.568436753e-15 2.228927131e-16
1.436954172e+01 6.577362584e-15 2.234329478e-16
1.439954445e+01 6.579157416e-15 2.235244287e-16
1.443033699e+01 6.421604908e-15 2.179689162e-16
1.445870951e+01 6.334865558e-15 2.152165919e-16
1.448803680e+01 6.169275950e-15 2.093948797e-16
1.451851258e+01 6.054709651e-15 2.054827693e-16
1.454872878e+01 6.142212208e-15 2.084804796e-16
1.457564833e+01 6.400135573e-15 2.174671593e-16
1.460959141e+01 6.105521807e-15 2.072060479e-16
1.463925223e+01 6.441069917e-15 2.083778378e-16
1.466564934e+01 6.445902359e-15 2.210031615e-16
1.469589308e+01 6.600587461e-15 2.112739385e-16
1.472415003e+01 6.539602188e-15 2.235635644e-16
1.478652221e+01 6.597687759e-15 2.111790079e-16
1.481583484e+01 6.387433345e-15 2.177385065e-16
1.484755550e+01 6.410746397e-15 2.064784433e-16
1.490741875e+01 6.199537450e-15 2.128831527e-16
1.493192936e+01 6.333820127e-15 2.150481829e-16
1.496519970e+01 6.427933262e-15 2.184013816e-16
1.499727245e+01 6.453170062e-15 2.197504969e-16
1.502470906e+01 6.248672024e-15 2.141582263e-16
1.505522495e+01 6.467977588e-15 2.195207896e-16
1.508551300e+01 6.632607041e-15 2.122754596e-16
1.511849382e+01 6.490038399e-15 2.110214637e-16
1.520576494e+01 6.262203344e-15 2.129483199e-16
1.529474590e+01 6.416358096e-15 2.180839209e-16
1.532705188e+01 6.156660023e-15 2.090571226e-16
1.538163738e+01 6.340469816e-15 2.155871038e-16
1.553166211e+01 6.597182293e-15 2.112553100e-16
1.565253978e+01 6.693978134e-15 2.143113711e-16
1.577115312e+01 6.524743012e-15 2.213256057e-16
1.601123813e+01 6.491016376e-15 2.252616399e-16
1.613098408e+01 6.496830247e-15 2.269249634e-16
1.616106915e+01 6.378690099e-15 2.208205989e-16
1.642971410e+01 6.570554374e-15 2.364478008e-16
1.655068248e+01 6.389564751e-15 2.245016288e-16
1.666832219e+01 6.395446696e-15 2.197507790e-16
1.681882056e+01 6.436829866e-15 2.062346655e-16
1.699835072e+01 6.278758086e-15 2.148397450e-16
1.711909636e+01 6.240712479e-15 2.172222342e-16
1.723746988e+01 6.361463531e-15 2.043709924e-16
1.732558260e+01 6.331306222e-15 2.027612652e-16
1.735608622e+01 6.191992891e-15 2.102583651e-16
1.753576009e+01 5.870404449e-15 2.158335567e-16
1.765550155e+01 6.120492436e-15 1.959810738e-16
1.777477206e+01 5.902761077e-15 2.005238416e-16
1.798479716e+01 6.233140294e-15 1.998473786e-16
2.188689751e+01 6.185526593e-15 2.153368201e-16
2.194540629e+01 6.353777644e-15 2.235412871e-16
2.200664017e+01 6.106958796e-15 2.141152323e-16
2.206612168e+01 6.186039457e-15 2.156209861e-16
2.212603912e+01 6.377493972e-15 2.221272157e-16
2.218485059e+01 6.218979849e-15 2.177094016e-16
2.233522441e+01 6.457134316e-15 2.218672908e-16
2.239417331e+01 6.397976017e-15 2.225031844e-16
2.245492875e+01 6.238354968e-15 2.168034138e-16
2.254512466e+01 6.362974806e-15 2.213366803e-16
2.260485617e+01 6.724299577e-15 2.308861356e-16
2.266488499e+01 6.709062370e-15 2.216418914e-16
2.290546190e+01 7.178017691e-15 2.499689971e-16
2.302291778e+01 6.850318381e-15 2.374640029e-16
2.314064102e+01 7.326977229e-15 2.551904822e-16
2.323024203e+01 6.731157771e-15 2.344696501e-16
2.335189633e+01 7.016081727e-15 2.443771683e-16
2.347434673e+01 7.009242866e-15 2.317876363e-16
2.359108555e+01 6.976188148e-15 2.453532533e-16
2.371107611e+01 7.417310733e-15 2.583945061e-16
2.383009124e+01 7.419750202e-15 2.577212370e-16
2.394966175e+01 7.041458360e-15 2.485671489e-16
2.406921729e+01 7.215284485e-15 2.506287785e-16
2.418810667e+01 7.189319218e-15 2.497134369e-16
2.428020704e+01 7.171610440e-15 2.314901437e-16
2.439811290e+01 6.970232469e-15 2.370472610e-16
2.451822352e+01 7.052942561e-15 2.332778260e-16
2.466733928e+01 7.120015676e-15 2.350211648e-16
2.478778283e+01 7.451603600e-15 2.398710490e-16
2.490738417e+01 7.572495715e-15 2.435622197e-16
2.502544453e+01 7.359953407e-15 2.372754136e-16
2.514598688e+01 7.260929085e-15 2.400150647e-16
2.526812979e+01 7.409603012e-15 2.438115630e-16
2.538472341e+01 7.128636436e-15 2.293297041e-16
2.550504031e+01 7.094571284e-15 2.285084626e-16
2.562417370e+01 7.191349230e-15 2.378500882e-16
2.574420229e+01 6.716718332e-15 2.697428349e-16
2.583225931e+01 6.718039563e-15 2.166577798e-16
2.595428217e+01 6.667655712e-15 2.332036299e-16
2.604331074e+01 7.333106036e-15 2.429959037e-16
2.616161181e+01 6.598027066e-15 2.124461370e-16
2.622039394e+01 6.538480829e-15 2.108017544e-16
2.634340301e+01 6.579454299e-15 2.120351517e-16
2.645880623e+01 6.707561519e-15 2.217702673e-16
2.663956780e+01 6.573451518e-15 2.174737192e-16
2.678845183e+01 6.560572884e-15 2.234791046e-16
2.690922411e+01 6.166654038e-15 2.141634025e-16
2.702995358e+01 6.074285032e-15 1.944672568e-16
2.726919070e+01 6.243656701e-15 2.029392799e-16
2.738607533e+01 6.430096614e-15 2.073599268e-16
2.747493534e+01 6.265773237e-15 2.022920423e-16
2.759818871e+01 6.303479410e-15 2.032624517e-16
2.774388598e+01 5.879254662e-15 2.644147544e-16
2.810285438e+01 6.171859226e-15 2.014436893e-16
2.822237878e+01 5.795075896e-15 2.118770482e-16
2.834265437e+01 5.974180693e-15 1.931166698e-16
2.843400056e+01 5.809569909e-15 1.873571883e-16
2.867377539e+01 5.857695537e-15 1.901686249e-16
2.888276249e+01 6.250462104e-15 2.015031651e-16
2.900077913e+01 6.061277126e-15 1.960900897e-16
3.281531555e+01 4.421813931e-15 1.429646520e-16
3.314367645e+01 4.253196143e-15 1.404584135e-16
3.326323708e+01 4.139133786e-15 1.377424051e-16
3.338303872e+01 4.095694892e-15 1.323589588e-16
3.350369394e+01 4.236176277e-15 1.467162066e-16
3.362359737e+01 4.289091095e-15 1.416535807e-16
3.377218051e+01 4.145811527e-15 1.339718187e-16
3.389220850e+01 4.154461939e-15 1.341639600e-16
3.401266821e+01 4.304665741e-15 1.422079810e-16
3.413161059e+01 4.332492811e-15 1.397368245e-16
3.425134576e+01 4.291216543e-15 1.385947197e-16
3.437143782e+01 4.486881922e-15 1.467201684e-16
3.457992971e+01 4.775576709e-15 1.560702195e-16
3.472988647e+01 4.278091304e-15 1.393798393e-16
3.484990308e+01 4.340837356e-15 1.418400264e-16
3.499795599e+01 4.391488649e-15 1.427592823e-16
3.511874324e+01 4.198141077e-15 1.353550888e-16
3.523628744e+01 4.254195661e-15 1.509908397e-16
3.532938898e+01 4.440436899e-15 1.467745846e-16
3.544617990e+01 4.540993223e-15 1.470038489e-16
3.547690507e+01 4.482401752e-15 1.450048552e-16
3.559685342e+01 4.448393602e-15 1.430994464e-16
3.568589785e+01 4.451221449e-15 1.567534251e-16
3.580615667e+01 4.524694356e-15 1.458808625e-16
3.592467211e+01 4.503469573e-15 1.450717634e-16
3.604636533e+01 4.655308192e-15 1.539701889e-16
3.616515023e+01 4.611340596e-15 1.635335179e-16
3.628136092e+01 4.624620462e-15 1.495162950e-16
3.637125564e+01 4.812304710e-15 1.549996950e-16
3.649252701e+01 4.869232633e-15 1.618910697e-16
3.658171575e+01 4.849216662e-15 1.601546793e-16
3.666928477e+01 4.953019784e-15 1.594755440e-16
3.675955074e+01 4.960989735e-15 1.599311573e-16
3.699843427e+01 5.142004152e-15 1.704925019e-16
3.714754075e+01 5.113040025e-15 1.658853149e-16
3.726848609e+01 5.085499230e-15 1.686966744e-16
3.738553089e+01 4.909176379e-15 1.700482218e-16
3.750616306e+01 4.906917732e-15 1.580848403e-16
3.762437401e+01 4.864261291e-15 1.566692480e-16
3.783504939e+01 4.791561276e-15 1.566719808e-16
3.798550914e+01 4.899363466e-15 1.595447458e-16
3.804445863e+01 4.718898347e-15 1.523770783e-16
3.819397708e+01 4.545722787e-15 1.506085348e-16
3.831364220e+01 4.558241655e-15 1.477715117e-16
3.837376891e+01 4.651819113e-15 1.498930026e-16
3.843300612e+01 4.618830335e-15 1.487559378e-16
3.873277265e+01 4.784050448e-15 1.554911965e-16
3.897311963e+01 4.878928082e-15 1.604259061e-16
3.909149495e+01 5.154087256e-15 2.587434897e-16
3.933283832e+01 4.765676181e-15 1.598478937e-16
3.948159301e+01 4.518732462e-15 1.464371604e-16
3.978029908e+01 4.916077829e-15 1.604735552e-16
3.989974653e+01 4.658147518e-15 1.550886286e-16
4.469992971e+01 4.198915944e-15 1.395083029e-16
4.485077568e+01 4.336414094e-15 1.446656572e-16
4.494102728e+01 4.152479403e-15 1.377700431e-16
4.505940200e+01 4.140838792e-15 1.371214821e-16
4.521001294e+01 3.861286162e-15 1.238697224e-16
4.532975919e+01 4.391367425e-15 1.461332071e-16
4.544819799e+01 3.419709043e-15 1.145801612e-16
4.556945110e+01 4.121744840e-15 1.366407473e-16
4.571916475e+01 4.180195567e-15 1.372463219e-16
4.595757704e+01 3.861848078e-15 1.292378367e-16
4.607735263e+01 3.914861828e-15 1.309616237e-16
4.622648247e+01 3.619963109e-15 1.210158226e-16
4.634626135e+01 3.458340656e-15 1.158553218e-16
4.643233878e+01 3.481437440e-15 1.154075227e-16
4.655419877e+01 3.491078269e-15 1.171117495e-16
4.667531535e+01 3.376786575e-15 1.129346863e-16
4.679338918e+01 3.143015528e-15 1.050258718e-16
4.691397734e+01 3.364707276e-15 1.128370010e-16
4.700442773e+01 3.139923514e-15 1.049528726e-16
4.712273509e+01 3.310533798e-15 1.112439623e-16
4.724140352e+01 3.121835383e-15 1.041665244e-16
4.736147432e+01 3.200135154e-15 1.070239420e-16
4.747994245e+01 3.189862554e-15 1.058151985e-16
4.762710825e+01 3.307884567e-15 1.097258685e-16
4.786610196e+01 3.420713815e-15 1.142595787e-16
4.798820506e+01 3.511492683e-15 1.174665604e-16
4.807562707e+01 3.153675959e-15 1.057669585e-16
4.816554155e+01 4.003847157e-15 1.354185940e-16
4.828683268e+01 3.918540200e-15 1.310106675e-16
4.852657159e+01 3.916020536e-15 1.311007077e-16
4.867315956e+01 3.971025054e-15 1.319686276e-16
4.876327882e+01 4.123494567e-15 1.371649027e-16
4.891276494e+01 4.236377942e-15 1.450791154e-16
4.909178762e+01 4.379635020e-15 1.485564806e-16
4.939388793e+01 4.413057972e-15 1.511359776e-16
4.950993665e+01 4.281872606e-15 1.434495810e-16
4.963027571e+01 4.206859167e-15 1.398140440e-16
4.984068702e+01 4.325830457e-15 1.458468286e-16
4.996081201e+01 4.263407427e-15 1.435120709e-16
5.007859603e+01 4.392358200e-15 1.464133597e-16
5.020131229e+01 4.149393170e-15 1.395233703e-16
5.043894555e+01 4.369577469e-15 1.474436035e-16
5.061917749e+01 4.379136510e-15 1.478489010e-16
