0.000000000e+00 3.800841583e-15 1.394336575e-16
2.702841439e-01 3.903908707e-15 1.390236950e-16
3.589884655e-01 4.136608829e-15 1.516615588e-16
4.176849676e-01 3.595286388e-15 1.459016609e-16
5.690198491e-01 4.115625120e-15 1.647942073e-16
6.877529478e-01 4.277587471e-15 1.434148229e-16
8.685300906e-01 4.066722355e-15 1.344580805e-16
9.882520929e-01 4.027507534e-15 1.382262025e-16
1.078320161e+00 4.154234673e-15 1.389873769e-16
1.378436080e+00 4.128052327e-15 1.536247721e-16
1.435876019e+00 4.166278701e-15 1.395920315e-16
1.555341439e+00 4.223164230e-15 1.410934701e-16
1.676772092e+00 4.097604923e-15 1.351068638e-16
1.795395612e+00 4.064231772e-15 1.381275760e-16
1.916237354e+00 4.055924804e-15 1.344906912e-16
2.034794408e+00 4.008931523e-15 1.327324066e-16
2.307232404e+00 3.912306317e-15 1.313193161e-16
2.454033239e+00 4.061595231e-15 1.354099851e-16
2.573982782e+00 4.037819453e-15 1.447520579e-16
2.692478759e+00 4.018934830e-15 1.343884330e-16
2.813515707e+00 3.973800408e-15 1.314973806e-16
2.993423405e+00 3.973800408e-15 1.314973806e-16
3.142874190e+00 3.973800408e-15 1.314973806e-16
3.231786592e+00 3.932387942e-15 1.302141386e-16
3.531253121e+00 3.965765250e-15 1.392359773e-16
3.620176900e+00 3.780380435e-15 1.247386811e-16
3.771083047e+00 3.693332549e-15 1.278133556e-16
4.005117872e+00 3.658933485e-15 1.314720578e-16
4.128282624e+00 3.737335474e-15 1.309767370e-16
4.158322179e+00 3.591071731e-15 1.203012368e-16
4.364541659e+00 3.512259554e-15 1.154989655e-16
4.455845632e+00 3.499960572e-15 1.162689459e-16
4.604314699e+00 3.423318693e-15 1.124457634e-16
4.784971185e+00 3.361829934e-15 1.095655204e-16
5.412234551e+00 3.264961796e-15 1.052756009e-16
5.501955620e+00 3.276028525e-15 1.065551551e-16
1.203607538e+01 4.588465714e-15 1.640572972e-16
1.221538998e+01 4.579695609e-15 1.637437284e-16
1.239482044e+01 4.689455246e-15 1.676681054e-16
1.257516136e+01 4.707098385e-15 1.685779113e-16
1.290472643e+01 4.852728356e-15 1.735058182e-16
1.305338801e+01 4.791039876e-15 1.550245012e-16
1.317206003e+01 4.980459209e-15 1.780727432e-16
1.326283018e+01 5.022831613e-15 1.798854396e-16
1.329232573e+01 5.029884790e-15 1.803166741e-16
1.332247008e+01 5.064421894e-15 1.810747687e-16
1.335165725e+01 5.113635151e-15 1.828343534e-16
1.338052408e+01 5.171643653e-15 1.852149273e-16
1.341334651e+01 5.083649167e-15 1.646886749e-16
1.344189867e+01 5.086747650e-15 1.649349980e-16
1.350332776e+01 5.122204910e-15 1.690475370e-16
1.353095838e+01 5.025795709e-15 1.634003421e-16
1.359121233e+01 4.974310490e-15 1.616786753e-16
1.368144357e+01 5.120534758e-15 1.661091227e-16
1.380039074e+01 5.090367821e-15 1.656397638e-16
1.386142163e+01 5.140927726e-15 1.674477287e-16
1.389016301e+01 5.250179315e-15 1.711015197e-16
1.394706852e+01 5.256334658e-15 1.710745820e-16
1.397751256e+01 5.166954266e-15 1.674716769e-16
1.400741290e+01 5.387894142e-15 1.926402867e-16
1.403894225e+01 5.365301258e-15 1.918324943e-16
1.406876863e+01 5.400698995e-15 1.930981150e-16
1.409905639e+01 5.206210553e-15 1.685187255e-16
1.413070010e+01 5.327784038e-15 1.904910930e-16
1.415628226e+01 5.415694066e-15 1.936342530e-16
1.418849453e+01 5.405363254e-15 1.932648822e-16
1.421812092e+01 5.416179627e-15 1.936516139e-16
1.424987661e+01 5.423490102e-15 1.939129946e-16
1.428059250e+01 5.465052122e-15 1.959170167e-16
1.436954771e+01 5.412369927e-15 1.935154008e-16
1.439955074e+01 5.447601834e-15 1.947750923e-16
1.443034268e+01 5.470396180e-15 1.955900878e-16
1.445871520e+01 5.423705223e-15 1.939206862e-16
1.448804279e+01 5.407099087e-15 1.933269457e-16
1.451851887e+01 5.397140637e-15 1.929708885e-16
1.454873476e+01 5.431638781e-15 1.942043448e-16
1.457565432e+01 5.428697258e-15 1.940991728e-16
1.460959709e+01 5.348025962e-15 1.912148285e-16
1.463925791e+01 5.249094666e-15 1.699234007e-16
1.466565532e+01 5.486436410e-15 1.961635947e-16
1.469589877e+01 5.447996837e-15 1.786275537e-16
1.472415632e+01 5.495230785e-15 1.964780313e-16
1.475512101e+01 5.467133895e-15 1.807978036e-16
1.478652820e+01 5.369818489e-15 1.762734473e-16
1.481584082e+01 5.463813088e-15 1.956785524e-16
1.484756119e+01 5.215540143e-15 1.687553630e-16
1.490742473e+01 5.528448774e-15 1.976657166e-16
1.493193535e+01 5.514617910e-15 1.971712040e-16
1.496520598e+01 5.491310577e-15 1.963378670e-16
1.499727843e+01 5.493087129e-15 1.964013864e-16
1.502471504e+01 5.530777662e-15 1.977489843e-16
1.505523124e+01 5.560757696e-15 1.988208989e-16
1.508551869e+01 5.406409089e-15 1.773795752e-16
1.511849981e+01 5.055159938e-15 1.799257184e-16
1.520577092e+01 5.583859074e-15 1.996468721e-16
1.523395902e+01 5.582987097e-15 1.996156952e-16
1.529475189e+01 5.566624784e-15 1.990306724e-16
1.532705757e+01 5.559700860e-15 1.987831125e-16
1.538164337e+01 5.598315105e-15 2.001637371e-16
1.553166839e+01 5.619903383e-15 1.852953799e-16
1.565254547e+01 5.640650364e-15 1.848524464e-16
1.577115911e+01 5.703761362e-15 2.039338923e-16
1.588998861e+01 5.798831920e-15 1.903512690e-16
1.601124382e+01 5.809814130e-15 2.082764128e-16
1.613098947e+01 5.878949548e-15 2.101976201e-16
1.616107513e+01 5.828759021e-15 2.086104437e-16
1.642971979e+01 5.780831917e-15 2.077156831e-16
1.655068817e+01 5.801065858e-15 2.074129447e-16
1.666832758e+01 5.823202549e-15 2.082044262e-16
1.681882625e+01 5.692397293e-15 1.871878753e-16
1.699835611e+01 5.536880253e-15 1.984919881e-16
1.711910205e+01 5.632291570e-15 2.019123947e-16
1.723747527e+01 5.636593157e-15 1.823779188e-16
1.732558799e+01 5.565059515e-15 1.830074034e-16
1.735609131e+01 5.814156588e-15 2.078809944e-16
1.765550694e+01 5.565658023e-15 1.838685203e-16
1.777477745e+01 5.804640838e-15 2.075407656e-16
2.188690170e+01 5.419258280e-15 1.937616889e-16
2.194541108e+01 5.250433844e-15 1.775017382e-16
2.200664466e+01 5.457355484e-15 1.954472827e-16
2.206612647e+01 5.478708572e-15 1.958872914e-16
2.212604511e+01 5.556399545e-15 1.986650763e-16
2.239417929e+01 5.514901762e-15 1.971813529e-16
2.245493414e+01 5.600911811e-15 2.002565805e-16
2.254513065e+01 5.511740180e-15 1.970683128e-16
2.260486216e+01 5.147553666e-15 2.034241969e-16
2.266489067e+01 5.488576155e-15 1.856893545e-16
2.290546759e+01 5.736219264e-15 2.050944013e-16
2.302292377e+01 5.960709804e-15 2.368987793e-16
2.332118793e+01 5.912190123e-15 2.113861130e-16
2.344339042e+01 5.765156765e-15 2.071451852e-16
2.356358098e+01 5.917610680e-15 2.028371478e-16
2.368254491e+01 6.068226739e-15 2.169650902e-16
2.380097742e+01 6.147045236e-15 2.197831890e-16
2.392172125e+01 6.218619039e-15 2.106125475e-16
2.403945377e+01 6.383394574e-15 2.282336899e-16
2.428021242e+01 6.014965195e-15 2.054747191e-16
2.439811889e+01 6.259310204e-15 2.237971423e-16
2.451822951e+01 6.008859497e-15 2.058738373e-16
2.466734527e+01 6.133720817e-15 2.082999518e-16
2.478778822e+01 6.344238835e-15 2.097657882e-16
2.490738986e+01 6.344238835e-15 2.097657882e-16
2.502545022e+01 6.344238835e-15 2.097657882e-16
2.514599287e+01 6.323046929e-15 2.139939156e-16
2.526813548e+01 6.441916865e-15 2.362836653e-16
2.538472940e+01 6.441916865e-15 2.362836653e-16
2.550504630e+01 6.441916865e-15 2.362836653e-16
2.562417969e+01 6.863934508e-15 2.359096096e-16
2.574420827e+01 6.863934508e-15 2.359096096e-16
2.583226530e+01 6.863934508e-15 2.359096096e-16
2.595428816e+01 6.464945142e-15 2.311494719e-16
2.604331673e+01 6.624723324e-15 2.259827716e-16
2.616161780e+01 6.624723324e-15 2.259827716e-16
2.622039993e+01 6.624723324e-15 2.259827716e-16
2.634340899e+01 6.624723324e-15 2.259827716e-16
2.645881251e+01 6.400983698e-15 2.170302014e-16
2.663957379e+01 6.511576085e-15 2.621067406e-16
2.678845782e+01 6.148857972e-15 2.198480020e-16
2.690922980e+01 6.588389867e-15 3.015827547e-16
2.702995957e+01 6.067732181e-15 2.013371972e-16
2.726919639e+01 5.823437783e-15 1.931000595e-16
2.738608132e+01 6.094805538e-15 2.050965797e-16
2.741762564e+01 5.599490066e-15 1.967762107e-16
2.747494133e+01 6.025132726e-15 2.036634955e-16
2.759819440e+01 5.959329710e-15 1.971590499e-16
2.774389196e+01 5.959329710e-15 1.971590499e-16
2.810286037e+01 5.615143351e-15 1.871358399e-16
2.822238477e+01 5.776091476e-15 2.065200036e-16
2.834266036e+01 5.680043910e-15 1.867750054e-16
2.843400684e+01 5.573736008e-15 1.842618500e-16
2.855220073e+01 5.625189928e-15 1.930531153e-16
2.867378198e+01 5.481855288e-15 1.819192795e-16
2.888276937e+01 5.517332594e-15 1.808109162e-16
2.900078602e+01 5.276099297e-15 1.745901542e-16
3.281532154e+01 4.292435603e-15 1.413034092e-16
3.311431233e+01 3.995879421e-15 1.371894950e-16
3.314368244e+01 4.095220904e-15 1.419592763e-16
3.326324337e+01 3.762466608e-15 1.276233819e-16
3.338304441e+01 3.845313838e-15 1.262175842e-16
3.350369963e+01 3.709986411e-15 1.263552469e-16
3.362360336e+01 3.986962451e-15 1.415794691e-16
3.377218650e+01 3.719423542e-15 1.224440991e-16
3.389221478e+01 3.676855923e-15 1.205420987e-16
3.401267390e+01 3.428201873e-15 1.159338667e-16
3.413161627e+01 3.624611809e-15 1.190936554e-16
3.425135175e+01 3.775762832e-15 1.238387040e-16
3.437144321e+01 4.017795513e-15 1.363051392e-16
3.457993540e+01 3.954237689e-15 1.337849425e-16
3.472989186e+01 3.762156235e-15 1.258461761e-16
3.484990877e+01 3.759598279e-15 1.273047070e-16
3.499796167e+01 3.745212426e-15 1.261934585e-16
3.511874863e+01 3.641695841e-15 1.196915619e-16
3.523629342e+01 3.594213902e-15 1.240661445e-16
3.532939467e+01 3.674509868e-15 1.260974951e-16
3.544618589e+01 3.822939509e-15 1.259493080e-16
3.547691046e+01 3.693466762e-15 1.214377037e-16
3.559685911e+01 3.756706309e-15 1.248357685e-16
3.568590324e+01 3.717929137e-15 1.325048478e-16
3.580616176e+01 3.773156432e-15 1.247399217e-16
3.592467750e+01 3.779081198e-15 1.242034378e-16
3.604637042e+01 3.945174798e-15 1.368897730e-16
3.616515502e+01 3.903116979e-15 1.382938108e-16
3.628136631e+01 3.831676440e-15 1.277712461e-16
3.637126073e+01 3.940043414e-15 1.299452541e-16
3.658172114e+01 3.983433213e-15 1.358038337e-16
3.666928926e+01 3.809213888e-15 1.255976584e-16
3.675955433e+01 3.950055372e-15 1.299900271e-16
3.699843996e+01 4.090694578e-15 1.395970119e-16
3.714754644e+01 4.137089036e-15 1.357025366e-16
3.750616845e+01 4.049775046e-15 1.329132329e-16
3.762437940e+01 4.018777061e-15 1.325444842e-16
3.783505448e+01 4.141701204e-15 1.412335559e-16
3.798551483e+01 4.192371231e-15 1.389734611e-16
3.804446402e+01 4.135604228e-15 1.354378814e-16
3.819398217e+01 4.037220009e-15 1.358221365e-16
3.831364759e+01 4.056966063e-15 1.329545210e-16
3.837377460e+01 3.981249363e-15 1.304042809e-16
3.843301151e+01 4.013301347e-15 1.317385880e-16
3.873277804e+01 4.252222126e-15 1.401764539e-16
3.897312472e+01 4.182910266e-15 1.406387129e-16
3.933284341e+01 4.382477080e-15 1.501202216e-16
3.948159870e+01 4.153559762e-15 1.362889793e-16
3.978030447e+01 4.218754090e-15 1.393162575e-16
3.989975192e+01 4.240829690e-15 1.479385127e-16
4.469993420e+01 3.659924736e-15 1.245619068e-16
4.485078047e+01 3.798364907e-15 1.296723895e-16
4.494103207e+01 3.732923629e-15 1.276713803e-16
4.505940679e+01 3.732845026e-15 1.278966649e-16
4.521001773e+01 3.378019752e-15 1.107063881e-16
4.532976339e+01 3.598975249e-15 1.233731580e-16
4.544820248e+01 3.602762274e-15 1.233171788e-16
4.556945559e+01 3.593369863e-15 1.236715555e-16
4.571916894e+01 3.175564140e-15 1.095546771e-16
4.622648786e+01 3.420355182e-15 1.190433431e-16
4.643234387e+01 3.380503945e-15 1.163207270e-16
4.655420416e+01 3.263883702e-15 1.131209720e-16
4.667532074e+01 3.261664823e-15 1.132104806e-16
4.679339427e+01 3.206863120e-15 1.097794140e-16
4.691398243e+01 3.164673209e-15 1.103494125e-16
4.700443282e+01 3.097492317e-15 1.078330046e-16
4.712274018e+01 3.070145346e-15 1.059993707e-16
4.736147941e+01 2.957244653e-15 1.028585589e-16
4.747994784e+01 2.961816650e-15 1.012965510e-16
4.762711334e+01 2.873524464e-15 9.812031745e-17
4.786610705e+01 2.878908813e-15 9.836057733e-17
4.798821045e+01 2.800169499e-15 9.667123232e-17
4.807563366e+01 2.881609805e-15 9.879663324e-17
4.816554873e+01 2.924047819e-15 9.988272325e-17
4.828683957e+01 2.993265735e-15 1.019944424e-16
4.852657848e+01 2.969874000e-15 1.026431986e-16
4.867316674e+01 3.021218241e-15 1.035773455e-16
4.876328571e+01 3.044266597e-15 1.039700977e-16
4.891277212e+01 3.114824753e-15 1.059747699e-16
4.909179451e+01 3.059577919e-15 1.070393418e-16
4.939389452e+01 3.056537141e-15 1.065776292e-16
4.950994384e+01 3.134241331e-15 1.072975749e-16
4.963028259e+01 3.209325052e-15 1.103246363e-16
4.984069391e+01 3.234503388e-15 1.105526863e-16
4.996081890e+01 3.259835370e-15 1.073374664e-16
5.007860291e+01 3.317429233e-15 1.119395867e-16
5.020131917e+01 3.585630514e-15 1.271329779e-16
5.043895243e+01 3.359921861e-15 1.166354589e-16
